[8172 8252 9360 ... 8603 8820 1930]
[6433 6461 4773 ... 5730 9171 1791]
[ 414 5814 2621 ... 9707 7285 9297]
[4637 7875 7384 ... 7816 6543  706]
[8059 5293 8727 ... 1403 9773  604]
[6630 1901 5607 ... 8834 1375 4196]
[7257 5492 6483 ... 8837 4738 9890]
[7546 9105  212 ... 3692 6657 7033]
[7915 4060 6484 ... 2284 3367 2794]
[2850 3742 3573 ... 3994 9406 9689]
[8070 2477 8064 ... 8688 5780 5894]
[7767 5608 1117 ... 7837 4206 8560]
[7906 8864  472 ...  209 8774 4938]
[2646 4694 1044 ... 4413 5891 1945]
[8957 3420  488 ... 6961 1202 8438]
[7557 7900 7455 ... 7403 6889 1140]
[4166 7434 1831 ...  903 5229  164]
[2862  520 6554 ... 1421 2008 2301]
[9752 5274 6476 ... 3814 5310 5879]
[8759 5683 2018 ... 7175 9900 3645]
[5616 5783 9568 ... 5400 3193 8953]
[5605 7745 9458 ... 2459 3196 3126]
[5614 5021 8686 ... 8691 4479 6960]
[5145 5516  810 ... 2283 5145  188]
[7438 4300 6872 ... 5205 1236 9516]
[8584 2693 9958 ... 8857  129 2788]
[9332  262 6351 ... 5978 9054 7250]
[8757 9095 8438 ... 6825 8314 6907]
[4102 4372  355 ... 5877 1657 3942]
[7722 7524 9112 ... 5504 2468 8954]
[9430 4096 1763 ... 5851 9158 9950]
[9228 4812  558 ... 6881 9664 4049]
[3621 1899 3794 ... 1939 5848 3327]
