[1012 1584 8307 ... 9005 2570 2864]
[2385 9398 4758 ... 8397 7882 4309]
[9972 1172 1787 ...  408 9502 3088]
[1595 9599 1255 ... 5185 2788 1025]
[9037 9281 1033 ... 6647 8394 9147]
[3714 8125  755 ... 1523 5692 1068]
[2908 9288 5232 ... 4652 4757 2113]
[7482 9542 9050 ... 8243 2537 7884]
[8300 1724 8075 ... 2329 9625 8603]
[7302 7172 8909 ... 4341 9193 6505]
[1042 8592 1592 ... 7176  954 8693]
[9427  846 4897 ... 7407 2336 6077]
[7113 8501 9411 ... 5222 8383 2682]
[5412 9477 3439 ...  439  744 6998]
[4664 4068 7570 ... 6165 6038 3738]
[8203 7662 9301 ... 4683 4859 9184]
[7484 2737 9542 ... 3485 4675 5984]
[2081 6103 5282 ... 9311 2687 6032]
[ 933 4339 7231 ... 1275 3643 1754]
[9980 3866 4758 ... 2441 3220 8241]
[4306 7684 1447 ... 9300 8779 7304]
[4247 2804 8426 ... 4927 2714 6324]
[7349 3395 3146 ... 7031 5919 9678]
[4967 1080 4035 ... 7993 9562 1565]
[8096 8585 2470 ... 8307 9567 8654]
[3685 3631 6928 ...  337 1849 3725]
[7879 7514 4027 ... 3040 1478 8095]
[6901 7092 7745 ... 6077 6953 2858]
[9644 6392  937 ... 7799    1  503]
[5672 3469 1994 ... 1357 2084 5151]
[4061 7410 9845 ... 3120 1807 8919]
[5760 8513 3391 ...  143 8377 5452]
[3447  162 1097 ... 1203 6238 5761]
[1574 4092 5352 ... 5378 6884 7545]
[6587 6933 3701 ... 7238 3990 7370]
[3835 3053 7759 ... 5411 2993 6505]
[5254 8353 5418 ... 1562 8596  622]
[3788  602 5253 ... 6080 7996 6168]
[9663 1094 3501 ... 5203 9730 8169]
[1293 9991 2340 ...  362 1770 1473]
[8281 2237 7263 ... 7526 7037 4516]
[7170 3773 4920 ... 9042 9548 1124]
[9324 8487 4817 ... 6742 9311 1158]
[9497 4076   41 ... 1756 1956  166]
